dg342_dg16018290  0.047340021 0.4098471 -0.308154870 0.2634008
dg362_dg18128193  0.164937893 0.4110506 -0.268965978 0.2643849
dg363_dg18118292  0.243788585 0.4082996 -0.372347742 0.2667178
dg385_dg18220391 -0.065312719 0.4251750 -0.207533800 0.2646111
dg386_dg18220488 -0.335583127 0.4321606 -0.215476768 0.2725636
dg386_dg18320389 -0.251887406 0.4132422 -0.147881011 0.2726623
lpc160_11  0.243914230 0.3872236 -0.128375126 0.2760864
lpc170_14  0.049389269 0.3929323  0.173720196 0.2870378
lpc180_15  0.307074249 0.3790569 -0.105473879 0.2788589
lpc181_13  0.311612464 0.3930156 -0.155876779 0.2796098
lpc182_2  0.195495293 0.3804579 -0.086006957 0.2936417
lpc203_9 -0.431470423 0.4049331 -0.099756075 0.2833961
lpc204_5 -0.375784129 0.3971698 -0.128791580 0.2716365
lpc225_10 -0.402577250 0.3970493 -0.331533315 0.2750670
lpc225_7 -0.458380505 0.4134200 -0.108645804 0.2713079
lpc226_4 -0.825889824 0.4423773  0.109027269 0.2835198
lpe160_24  0.473611093 0.4128420 -0.079043406 0.2638488
lpe181_25  0.329609559 0.4002179 -0.411641768 0.2846667
lpe182_17  0.393637925 0.3982743 -0.073648104 0.2856070
lpe182_21  0.288322508 0.3853434 -0.134061362 0.2913851
lpe204_20  0.066851362 0.4095050 -0.018585273 0.2701126
lpe224_27  0.014869429 0.3981694 -0.171441914 0.2806001
lpe225_23  0.065790125 0.4140718  0.153224329 0.2695672
lpe226_16 -0.571887741 0.4337802  0.093076200 0.2828002
pc320_pc160160_21  0.348746860 0.4085975  0.121632239 0.2703195
pc321_pc160161_11 -0.085323861 0.4040093  0.229965893 0.2698242
pc322_pc140182_24 -0.005738888 0.4395813 -0.064792847 0.2680751
pc332_pc150182_7 -0.230423073 0.3990108 -0.160498593 0.2693937
pc340_pc160180_32 -0.283672173 0.3868527  0.660469148 0.2949018
pc341_pc160181_26 -0.009072411 0.4102644  0.206320587 0.2690133
pc342_pc160182_14  0.030127418 0.3985939  0.155570402 0.2742182
pc343_pc160183_8  0.074257411 0.4087072 -0.025790361 0.2659862
pc343_pc161182_1 -0.028181557 0.4133411 -0.035861441 0.2649905
pc352_pc170182_23 -0.100225020 0.4066452 -0.173241565 0.2720573
pc361_pc180181_34 -0.229671589 0.3955732  0.049754470 0.2709426
pc362_pc180182_29  0.331501123 0.4148417  0.067869324 0.2846700
pc363_pc181182_18  0.001320942 0.4084437 -0.147105666 0.2781815
pc364_10 -0.365100418 0.4200294 -0.179674434 0.2732441
pc365_3 -0.518430881 0.4046195  0.115823233 0.2852621
pc372_pc182190_36  0.153477896 0.3939189 -0.170285115 0.2675841
pc374_pc170204_22 -0.333286553 0.4156423  0.085953526 0.2815968
pc384_pc180204_28 -0.258307701 0.4278524 -0.082045596 0.2713202
pc384_pc180224_35 -0.204439990 0.4212151 -0.033039717 0.2709656
pc385_16 -0.477390345 0.4326666  0.075388701 0.2750920
pc386_9 -0.581141004 0.4345995  0.133979263 0.2934784
pc394_pc190204_33 -0.192716426 0.4418153  0.068239218 0.2893016
pc396_pc170226_20 -0.307726055 0.3985973  0.087809222 0.2811399
pc405_pc180225_30 -0.240164694 0.4195008  0.018509741 0.2721273
pc406_pc180226_27 -0.286571118 0.4044856  0.201731021 0.2889827
pc407_pc181226_15  0.117394628 0.4059494 -0.106002254 0.2872169
pc408_pc182226_6 -0.447924963 0.3990786 -0.187671030 0.2882131
pc4210_pc204226_2 -0.296959886 0.4182199  0.238701691 0.2619612
pe341_pe160181_42  0.499443776 0.4413383 -0.323673001 0.2748776
pe342_pe160182_38  0.437738522 0.4296194 -0.307877403 0.2762525
pe361_pe180181_47  0.099045403 0.4019330 -0.502418510 0.2774166
pe363_pe181182_40  0.550676899 0.4425970 -0.557406652 0.2912813
pe364_pe160204_39  0.163171807 0.4285495 -0.188832192 0.2708641
pe384_pe180204_45  0.004866618 0.4248855 -0.446974203 0.2719335
pe385_pe180205_41  0.472772086 0.4310847 -0.353988515 0.2730772
pe386_pe160226_37 -0.089013847 0.4184430 -0.163695966 0.2737268
pe405_pe180225_46  0.103230987 0.4268445 -0.257587002 0.2690562
pe406_pe180226_43 -0.214861988 0.4202155 -0.152894331 0.2725145
pg363_pg181182_48 -0.581726453 0.4096297 -0.182741859 0.2758227
pg364_pg182182_44 -0.170499580 0.4218374 -0.483798271 0.2980217
pg364_pg182182_47  0.131082687 0.4332705 -0.310508696 0.3058713
pg386_pg182204_43 -0.046670882 0.4176825  0.472619326 0.2968167
pg408_pg182226_42  0.446751522 0.4322442 -0.176283521 0.2696034
pg4210_pg204226_41 -0.181308932 0.4100441 -0.277833996 0.2768303
pg4412_pg226226_40 -0.416605968 0.4092744 -0.452919789 0.2955184
pi342_pi160182_62  0.244693491 0.4023393  0.161375773 0.2827686
pi343_pi161182_60  0.498571442 0.4089659  0.035755469 0.2792354
pi362_pi180182_71  0.028408119 0.3985160 -0.331161332 0.2750513
pi363_pi180183_68  0.436666162 0.4081646 -0.269269282 0.2828151
pi363_pi181182_64  0.415192890 0.3974268 -0.464816204 0.2743482
pi364_pi160204_63 -0.441368816 0.4003815 -0.232039042 0.2639648
pi365_pi160205_58  0.185736615 0.4117058 -0.356648759 0.2883200
pi383_pi180203_74  0.109235417 0.3794421  0.060073620 0.2757320
pi384_pi180204_72 -0.396626087 0.4575143 -0.237834291 0.2823552
pi385_pi181204_65  0.370771690 0.4067626 -0.629036404 0.2859377
pi406pi18226_70 -0.511380360 0.4061193 -0.305039228 0.2888678
ps384_ps180204_56  0.303875319 0.4085504 -0.216025970 0.3005442
ps386_ps160226_51 -0.373914637 0.4087428  0.007126390 0.2655610
ps386_ps180226_55 -0.040751880 0.4102535 -0.048768958 0.2758059
smd180181_ -0.334324419 0.4316545  0.097479511 0.2703221
smd181160_77 -0.314120429 0.4146585  0.116327423 0.2716720
smd181220_ -0.213649919 0.4124794 -0.071113467 0.2873812
smd181241_ -0.422611243 0.3917643  0.339355540 0.2675951
smd181250_ -0.457721197 0.4213630  0.016436853 0.2852865
smd182160_76 -0.461475406 0.4127875 -0.317105122 0.2744279
tg434tg170_182_182_47  0.205629644 0.4078935 -0.357921933 0.2774430
tg462tg120_160_181_8  0.375100470 0.4010899 -0.327027963 0.2863048
tg480tg160_160_160_63  0.188562478 0.4044712 -0.261329387 0.2827781
tg482tg140_160_182_33  0.260812596 0.4060212 -0.218535606 0.2766998
tg483tg141_160_182_14  0.370433626 0.4013475 -0.220256484 0.2792333
tg5001st_77  0.103056574 0.4129217 -0.186814256 0.2763726
tg500tg160_160_180_77  0.104490791 0.4008933 -0.261018787 0.2859708
tg501tg160_160_181_67  0.125655082 0.4164934 -0.158252367 0.2761753
tg502tg160_160_182_50  0.008983658 0.4161260 -0.150658252 0.2704812
tg502tg160_161_181_49  0.008983658 0.4161260 -0.150658252 0.2704812
tg503tg160_161_182_36  0.131323238 0.4049127 -0.247265766 0.2694576
tg504tg160_161_183_22  0.149730273 0.4230499 -0.019046665 0.2713374
tg504tg161_161_182_21  0.169658967 0.4191464 -0.056041372 0.2695768
tg512tg160_170_182_62  0.189507218 0.3999327 -0.098512848 0.2722385
tg512tg160_171_181_61  0.302917501 0.4053003 -0.132714348 0.2685711
tg513tg160_171_182_45  0.261153659 0.3970015 -0.321249338 0.2692805
tg5201st_84  0.222848278 0.4043907 -0.234523102 0.2661100
tg5203rd_84  0.114672020 0.4050502 -0.262600345 0.2924331
tg520tg160_180_180_84  0.151346246 0.3978772 -0.226918871 0.2821317
tg5211st_78  0.292687628 0.4090799 -0.221286324 0.2648044
tg521tg160_180_181_78  0.131783136 0.3999161 -0.234589944 0.2803089
tg523tg160_181_182_54  0.138225527 0.4046740 -0.360903647 0.2662409
tg524tg160_182_182_41  0.078497229 0.3968552 -0.329878609 0.2708409
tg525tg160_181_181_71  0.206606800 0.4152279 -0.205185927 0.2673848
tg525tg160_182_183_30  0.173058685 0.4091030 -0.428746294 0.2716614
tg525tg161_182_182_26  0.185582180 0.4092576 -0.381923796 0.2727663
tg526_17  0.381278992 0.4078134 -0.323758752 0.2747195
tg526tg161_182_183_18  0.314996919 0.4125875 -0.332904219 0.2740291
tg526tg182_182_183_16  0.169166670 0.3899796 -0.297982927 0.2723327
tg5312nd_83  0.212009557 0.4110084 -0.241844816 0.2837767
tg531tg170_180_181_83  0.287442762 0.4185691 -0.289922905 0.2754879
tg5321st_76  0.207037233 0.4068172 -0.327044180 0.2702578
tg532tg160_181_191_76  0.255937444 0.4160143 -0.307041476 0.2748212
tg533tg160_182_191_65  0.312828067 0.4102383 -0.374526434 0.2756669
tg533tg170_181_182_66  0.215666699 0.4049163 -0.308368454 0.2740516
tg542tg160_181_201_80  0.070969055 0.4014709 -0.333136406 0.2796905
tg543tg180_181_182_73  0.139378965 0.3973243 -0.335232024 0.2723494
tg543tg181_181_181_74  0.139518095 0.3971799 -0.348010262 0.2748729
tg544tg180_182_182_58  0.206694555 0.3975504 -0.373874653 0.2769861
tg544tg181_181_182_57  0.114059380 0.3931730 -0.396975971 0.2735603
tg545tg160_181_204_52  0.185509486 0.3982038 -0.409812962 0.2741103
tg545tg181_182_182_44  0.170047514 0.3962428 -0.412177268 0.2740898
tg546tg160_182_204_40 -0.385144643 0.4347037 -0.216415602 0.2710740
tg546tg182_182_182_32  0.138805663 0.3975367 -0.370672127 0.2753806
tg547tg160_182_205_27  0.072690486 0.3943783 -0.329154849 0.2734091
tg548_6 -0.342926069 0.3972383 -0.064605016 0.2864768
tg548tg140_182_226_10 -0.232718734 0.4081478 -0.140166018 0.2844875
tg552tg181_181_190_79  0.163519166 0.4194095 -0.314237611 0.2870557
tg5583rd_25  0.267065187 0.4038442 -0.282621782 0.2848750
tg558tg150_182_226_25  0.657708690 0.4215320 -0.422151303 0.2907853
tg561tg160_180_201_85  0.166334370 0.4057486 -0.340958323 0.2782319
tg562tg180_181_201_86 -0.176316571 0.4034611 -0.386388413 0.2906662
tg563tg180_182_201_82 -0.016092734 0.4027884 -0.456352515 0.2873224
tg5641st_75  0.135163801 0.4190578 -0.514654475 0.2771655
tg564tg181_182_201_75 -0.099219659 0.4089421 -0.368325320 0.2758573
tg565tg160_181_224_68  0.037211706 0.4210746 -0.368684678 0.2701260
tg565tg180_181_204_72 -0.445559543 0.4406665 -0.365341717 0.2694196
tg565tg182_182_201_64 -0.179267444 0.3966036 -0.377310760 0.2758518
tg566tg160_181_225_53  0.193901711 0.4093653 -0.260822991 0.2812097
tg566tg180_182_204_59 -0.480198286 0.4088376 -0.361087489 0.2706305
tg566tg181_181_204_60 -0.395885455 0.4519648 -0.254313564 0.2685030
tg567tg160_181_226_46 -0.539425248 0.4401314 -0.057630015 0.2761269
tg567tg160_182_225_42 -0.379276223 0.4150276 -0.232382810 0.2733312
tg5682nd_28 -0.628277022 0.3973411 -0.024412131 0.2804573
tg568tg160_182_226_34 -0.525356991 0.4120991 -0.115499113 0.2784930
tg568tg181_182_205_28 -0.269590505 0.4127494 -0.231353446 0.2811187
tg569tg160_183_226_13 -0.315594117 0.4019951 -0.112884735 0.2839463
tg569tg161_182_226_12 -0.319171574 0.4018320 -0.109077317 0.2827300
tg569tg182_182_205_11 -0.374499055 0.3950295 -0.001470043 0.2843560
tg5810tg160_204_226_24 -1.085939013 0.4187596  0.155078855 0.2888997
tg5810tg182_182_226_23 -0.397322084 0.3931391 -0.138628155 0.2841149
tg5811tg160_205_226_19 -0.110995040 0.3892982 -0.128114996 0.2695393
tg5811tg182_203_204_9 -0.915687396 0.4116672  0.049221574 0.2864600
tg5811tg183_204_204_7 -0.886447870 0.4243406  0.172617468 0.2889370
tg5812tg182_205_205_1 -0.642442553 0.3988061  0.207451779 0.2820592
tg587tg180_181_226_69 -0.013982890 0.4221372 -0.181452575 0.2683795
tg587tg181_181_225_70 -0.152120561 0.4098674 -0.312999612 0.2671111
tg587tg181_182_224_56 -0.340176118 0.3954396 -0.451798513 0.2736802
tg5881st_43 -0.504228981 0.4088569 -0.127008477 0.2723352
tg588tg180_204_204_55 -0.931580604 0.4713031 -0.051059206 0.2714486
tg588tg181_181_226_48 -0.509066840 0.4112517 -0.037580846 0.2777118
tg588tg181_203_204_43 -0.414800259 0.3997464 -0.157040115 0.2813802
tg5892nd_39 -0.143491088 0.3883641 -0.264210462 0.2782382
tg589tg181_182_226_38 -0.430364750 0.3962822 -0.088021821 0.2850079
tg589tg182_182_225_39 -0.494199118 0.4007864 -0.204740931 0.2826262
tg6011tg181_204_226_35 -1.175810790 0.4759473  0.019784719 0.2886060
tg6012tg160_226_226_29 -0.748391015 0.4362032  0.712826790 0.2996580
tg6214tg182_226_226_15 -1.093362911 0.4168235  0.153120443 0.2993752
X_pc321_2nd -0.428872555 0.4388451  0.270437885 0.2746186
X_pc321_pc160_161 -0.085323861 0.4040093  0.229965893 0.2698242
X_pc322_1st -0.103899102 0.3954897 -0.159576189 0.2701954
X_pc322_pc140_182  0.000757120 0.4407990 -0.074027326 0.2693919
X_pc332_2nd  0.099190439 0.4214656  0.208991297 0.2703735
X_pc332_3rd -0.489301100 0.4043021  0.398088412 0.2691073
X_pc332_pc150_182 -0.226768950 0.3992919 -0.162111193 0.2693111
X_pc361_1st  0.422239054 0.4148908 -0.054816721 0.2763685
X_pc361_3rd -0.247443202 0.4037716 -0.068137938 0.2797063
X_pc361_pc180_181 -0.231244679 0.3954485  0.048534010 0.2710225
X_pc374_1st -0.363959035 0.4046811 -0.089987293 0.2804225
X_pc374_pc170_204 -0.439917986 0.4185127  0.046119063 0.2819702
X_pc384_1st -0.038149393 0.4054554 -0.112728776 0.2755992
X_pc384_pc180_224 -0.198978648 0.4208161 -0.056213522 0.2709722
X_pe341_1st  0.459673682 0.4382749 -0.222959644 0.2794227
X_pe341_pe160_181  0.499443776 0.4413383 -0.323641948 0.2748681
X_ps364_ps160_204  0.330397537 0.4187841 -0.351715886 0.2760819
