a_glycerophosphocholine  0.254950711 0.3838970  0.0983187467 0.2790528
a_ketoglutaric_acid -0.880210874 0.3977159 -0.1356762877 0.2814681
acetoacetic_acid -1.005387423 0.4204195 -0.3465557545 0.2834237
acetyl_alanine  0.038914977 0.3876848  0.1992377637 0.2881232
acetyl_carnitine -0.490633960 0.4091690 -0.0370343363 0.2799752
acetyl_glutamate  0.152381878 0.4076695 -0.4713007263 0.2871813
acetyl_glutamine -0.348620178 0.4138885 -0.4145394241 0.2807699
acetyl_lysine__alpha_ -0.517843849 0.3941969  0.0949948856 0.2880070
acetyl_lysine__epsilon_ -0.183999739 0.3784817  0.0966557846 0.2914743
acetyl_neuraminic_acid -0.505606949 0.3957334  0.0078798931 0.2844628
aconitic_acid -0.389008040 0.4009296 -0.4104071546 0.2696727
adenosyl_methyonine__sam_ -0.034605444 0.3844474 -0.1970008728 0.2747852
adma_sdma  0.090989338 0.3889716  0.2511504843 0.2820557
adp  0.352358150 0.4168970 -0.1287978898 0.2779017
alanine  0.064989548 0.4134419  0.1985389711 0.2777293
allantoin -0.599960147 0.4074162  0.2718464047 0.2700615
amp  0.508531316 0.4169245 -0.0892423705 0.2768501
anandamide -0.421430909 0.3987019  0.0084748163 0.2750156
anserine -0.078807828 0.3889412 -0.2795451527 0.2689213
anthranilic_acid  0.164539204 0.3859520 -0.0794877696 0.2724922
arachidonoylglycerol_acetate  0.223449675 0.4000110  0.2252935289 0.2974960
arginine -0.543722557 0.3951650  0.1730236368 0.2758500
asparagine  0.087076405 0.4007208  0.0379517238 0.2928074
aspartic_acid__aspartate_ -0.472565684 0.3917565  0.1011542152 0.2850624
atorvastatin  0.300717913 0.5603084  0.2558131187 0.3341798
atp  0.630235007 0.4242648  0.3004882094 0.2809254
beta_alanine  0.159684945 0.3955171  0.3207958533 0.2790184
beta_isovaleric_acid -0.377030716 0.3911233 -0.0880048343 0.2762182
betaine  0.163427754 0.3949698  0.1857886252 0.2851007
bilirubin -0.315051446 0.3926214  0.2884375962 0.2768282
c10_carnitine  0.389957579 0.3997388 -0.0471187758 0.2774256
c12_1_carnitine  0.177152814 0.3925905  0.2109889817 0.2955256
c12_carnitine  0.552557328 0.3991889  0.1154347678 0.2878207
c14_1_carnitine  0.526793045 0.4012328  0.0871705047 0.2839341
c14_2_carnitine  0.557157453 0.3950056  0.1058209324 0.2895902
c14_carnitine  0.502883462 0.4075136  0.0568877214 0.2834103
c16_1_carnitine  0.445357381 0.4078605  0.2736176197 0.3004415
c16_2_carnitine  0.501724789 0.3927574  0.1948220292 0.2936495
c16_carnitine  0.002492112 0.4008239  0.3688468192 0.2943890
c18_1_carnitine  0.077763618 0.4011793  0.3614161553 0.3035474
c18_2_carnitine  0.191345898 0.4084326  0.2821412541 0.2937384
c18_carnitine  0.239679122 0.4074118  0.2653032154 0.3007574
c26_carnitine  0.041969390 0.3884775  0.1267683409 0.2794494
c3_carnitine -0.351278804 0.3965624  0.0587141658 0.2768769
c3_malonyl_carnitine -0.074295634 0.3963701 -0.2781587066 0.2831332
c4_butyryl_carnitine  0.184198529 0.4036511  0.0020976739 0.2721486
c4_methylmalonyl_carnitine -0.180329695 0.3934105  0.2592250899 0.2682736
c5_valeryl_carnitine -0.102211251 0.4171529 -0.3626393742 0.2865005
c6_carnitine  0.129271740 0.4014148 -0.2045504524 0.2819322
c7_carnitine  0.033101661 0.3948157 -0.2897350388 0.2852880
c8_carnitine  0.206516113 0.3904204  0.0349774311 0.2756155
c9_carnitine  0.135659602 0.3832120  0.0694445979 0.3034336
carnitine -0.569696725 0.3964861 -0.0176551579 0.2733762
choline  0.413358850 0.3939296  0.1657339185 0.2745445
citicholine  0.508351981 0.4092636 -0.1276721621 0.2894413
citidine_monophosphate__cmp_  0.412316677 0.4234549 -0.4141565862 0.2708401
citric_acid_isocitric_acid -0.324442753 0.4189997 -0.2402518527 0.2797328
citrulline -0.378790578 0.4117419 -0.5691799702 0.2891122
cotinine -0.001172187 0.4100247  0.0144235588 0.2854708
creatine -0.093611122 0.3943457  0.1948415258 0.2812377
creatinine -0.178147465 0.4072269  0.2656152866 0.2848869
cyclic_amp -0.121226022 0.4061025 -0.0866043540 0.2815852
cystamine -0.753663472 0.4106594  0.4597310283 0.2719959
cystathione  0.770807880 0.3939221 -0.2788414995 0.2741728
cystine  0.150968298 0.3936061  0.1783458800 0.2897845
cytidine -0.401396095 0.3829171 -0.5683576289 0.2824293
d_gluconic_acid -0.218316044 0.3909820 -0.4590218608 0.2878085
deoxycholic_acid -0.482716224 0.4171403  0.1609547686 0.2689331
dimethylglycine -0.037980113 0.4001591 -0.1119791547 0.2854723
dmgv  0.375209931 0.3950761 -0.3211918726 0.2846992
fad -0.136719699 0.4072577 -0.0205162290 0.2748611
folate  0.417610822 0.4227641  0.2944309927 0.2763518
fumaric_acid -0.229814402 0.3986803  0.3240630825 0.2734815
glucose -0.231901082 0.3999591 -0.4527896157 0.2806478
glutamic_acid__glutamate_ -0.831214627 0.3927834 -0.3055148271 0.2963586
glutamine  0.316834376 0.3957960  0.3351585327 0.2853576
glutamine_unc  0.086058614 0.3858315  0.0666547776 0.2765506
glutathione__gsh_ -0.057326966 0.4324566  0.0097701851 0.2794993
glutathione_disulfide__gssg_  1.085994960 0.4268412  0.4207345688 0.2861327
glyceric_acid  0.404946236 0.4092076  0.0104810680 0.2836545
glycerol_3_phosphate  0.249558362 0.4066627  0.3926079036 0.2889891
glycine  0.533201655 0.4059427  0.0050984490 0.2712761
glycochenodeoxycholic_acid  0.037186944 0.4168216 -0.1015393121 0.2713961
glycocholic_acid -0.630982693 0.4231934 -0.1948865772 0.2697072
guanine -0.057072985 0.4280429  0.1061808346 0.2908766
guanosine  0.121131349 0.4157609 -0.4156462996 0.2764727
guanosine_monophosphate__gmp_  0.360368879 0.4091437  0.0142849612 0.2801823
hippuric_acid -0.175095238 0.4085211  0.1461788910 0.2735471
histidine -0.193673736 0.3995723  0.4459478003 0.2926010
homocysteine  1.118725063 0.4036607  0.5150065499 0.2916086
homogentisic_acid -0.294227691 0.3845963  0.0560197812 0.2807490
hydroxy_lysine -0.163060930 0.3871970 -0.0633779742 0.2711298
hydroxy_tyrosine -0.325841224 0.4147607  0.1615109801 0.2707576
hydroxyphenylpyruvic_acid  0.220537304 0.4023941 -0.0374983681 0.2943254
hypoxanthine  0.058873576 0.3973597 -0.4451395308 0.2741646
indole_3_carboxylic_acid -0.419235317 0.3905556 -0.2622362506 0.2731606
indole_3_lactic_acid  0.404190083 0.4023555  0.0538562220 0.2815498
indole_3_propanoic_acid -0.072387101 0.3854861 -0.0005015425 0.2749106
indoxyl_sulfate  0.499743752 0.4151133 -0.2846619875 0.2912568
inosine -0.121583291 0.3932454 -0.2773598739 0.2845256
isoleucine -1.138301668 0.4173418 -0.1890209795 0.2690781
keto_isocaproic_acid__kic_ -0.788908854 0.4190786 -0.2023247121 0.2932260
kynurenic_acid -0.162096028 0.3881925 -0.2249429263 0.2760906
kynurenine -0.134063501 0.3858626  0.0299708950 0.2739773
lactic_acid  0.106406347 0.3853798  0.0965163192 0.2799022
leucine -0.685946808 0.3998993 -0.3173751772 0.2920334
lysine -0.652833908 0.3947444  0.0523266193 0.2858674
maleic_acid -0.507399255 0.3968661 -0.1856012285 0.2783856
malic_acid  0.322735619 0.3977747  0.4005096174 0.2897299
malonic_acid -0.022405069 0.4010495  0.0505781777 0.2921248
methionine -0.134924896 0.4240007  0.1353483053 0.2919508
methyl_cysteine  0.534851348 0.3872159  0.5767936410 0.2957852
methyl_histidine -0.305022445 0.4136269 -0.0950586446 0.2707169
monomethylarginine__nmma_  0.087817635 0.3909493 -0.0482292969 0.2918260
ornithine -0.137105497 0.3995419 -0.0927589621 0.2751933
orotic_acid -0.082301582 0.3879934  0.6457446135 0.2944339
oxalic_acid  0.319689147 0.3921264  0.1023651607 0.2843794
oxaloacetic_acid  0.303072109 0.4204898  0.1620991479 0.2877819
pantothenic_acid -0.554291590 0.4067995 -0.2518270508 0.2729034
phenylalanine -0.525805609 0.4060761  0.2976505776 0.2814726
phosphocholine  0.357241351 0.3825957 -0.1396497711 0.2811464
phosphocreatine__pcr_  0.026915752 0.3906723  0.2876014087 0.2838377
phosphoethanolamine  0.718059427 0.3989437 -0.0189151639 0.2684254
proline  0.041140807 0.3953111 -0.4261329334 0.2824140
pseudouridine -0.015601526 0.4131022 -0.1387136697 0.2925947
pyroglutamic_acid  0.311868965 0.3987854 -0.1281631176 0.2629242
pyruvic_acid  0.131172362 0.3887439 -0.0330844515 0.2859833
s1p_  0.578318973 0.3960128 -0.2379084965 0.2864343
salicylic_acid  0.246801322 0.4075746 -0.2420650895 0.2894019
sarcosine  0.026166357 0.4079021  0.3611236717 0.2793664
serine  0.502593276 0.4051548 -0.1301475941 0.2715477
simvastatin -0.169196964 0.3922908 -0.0796655395 0.2756179
succinic_acid  0.701050644 0.4187854  0.2357203279 0.2875328
taurine -0.002280808 0.4008990  0.3210550461 0.2643402
taurocholic_acid -0.667890710 0.3885256 -0.1639119807 0.2632520
taurodeoxycholic_acid -0.450686190 0.3884052  0.1065793673 0.2729296
threonine -0.379189946 0.4249231  0.1089788779 0.2885327
thyroxine  0.114729863 0.3923819 -0.0980669175 0.2866134
trimethyamine_n_oxide__tmao_ -0.191883592 0.4144739 -0.5704822358 0.2801280
tryptophan -0.396918344 0.4057624  0.5421332877 0.2848078
tyrosine -0.036911197 0.3787682  0.4251443294 0.2888656
udp_glcnac -0.455672963 0.4018407 -0.4086315482 0.2815546
udp_glucose____galactose  0.085078829 0.4035584 -0.4808849943 0.3019634
uracil -0.033309999 0.4026309 -0.4932657009 0.2880832
uric_acid -0.011859428 0.3903781 -0.2413770496 0.2809863
uridine  0.034064394 0.3868610  0.1515684822 0.2722764
uridine_monophosphate -0.114347854 0.3865448 -0.3447345280 0.2672552
valine -0.628370543 0.4091349  0.1243634198 0.2693866
warfarin  0.475859116 0.5228020 -0.7053908998 0.3981704
X_1_5_ag___1_deoxyglucose  0.320727909 0.4108496  0.5736531138 0.2848024
X_2_aminoadipic_acid__aaa_ -0.783884902 0.4167319 -0.4337395393 0.2779205
X_2_aminooctanoate  0.062508985 0.4038800 -0.0139134413 0.2617911
X_2_deoxyuridine  0.514421851 0.3996869 -0.2562589017 0.2899115
X_2_hydroxybutyric_acid__ahb_ -0.383027638 0.3952517 -0.4243188836 0.2879000
X_2_hydroxyglutaric_acid  0.234491597 0.4002151  0.3456742513 0.2874217
X_2_ketoisovaleric_acid__kiv_ -0.185985192 0.3871604 -0.0777646905 0.2761845
X_3_aminoisobutyric_acid_baiba -0.620342281 0.3898155  0.1198596921 0.2805541
X_3_hydroxybutyric_acid__bhb_ -0.358505730 0.4105629 -0.3455869902 0.2850250
X_5_adenosyl_homocysteine__sah_  0.598624587 0.3982062 -0.5537838719 0.2849500
X_5_aminolevulinic_acid -0.315293434 0.3983888 -0.0781537365 0.2803714
xanthine -0.683860754 0.3895737  0.0245731297 0.2803913
xanthosine -0.263255300 0.4044083 -0.4285182083 0.2828890
xanthurenic_acid -0.892828186 0.4168805  0.1510784075 0.2773182
