RSID	#STUDY	PVALUE_FE	BETA_FE	STD_FE	PVALUE_RE	BETA_RE	STD_RE	PVALUE_RE2	STAT1_RE2	STAT2_RE2	PVALUE_BE	I_SQUARE	Q	PVALUE_Q	TAU_SQUARE	PVALUES_OF_STUDIES(Tab_delimitered)	MVALUES_OF_STUDIES(Tab_delimitered)
dg342_dg16018290	2	0.356668	-0.204242	0.221585	0.356668	-0.204242	0.221585	0.389594	0.849590	0.00000	NA	0.00000	0.532438	0.465584	0.00000	0.908044	0.242038	NA	NA	
dg362_dg18128193	2	0.523110	-0.141991	0.222361	0.523110	-0.141991	0.222361	0.559004	0.407757	0.00000	NA	0.00000	0.788207	0.374643	0.00000	0.688229	0.308998	NA	NA	
dg363_dg18118292	2	0.399663	-0.188066	0.223297	0.634270	-0.141836	0.298146	0.434012	0.709340	0.00000	NA	37.3467	1.59609	0.206459	0.0708885	0.550452	0.162704	NA	NA	
dg385_dg18220391	2	0.455040	-0.167827	0.224656	0.455040	-0.167827	0.224656	0.490664	0.558068	0.00000	NA	0.00000	0.0806516	0.776416	0.00000	0.877914	0.432866	NA	NA	
dg386_dg18220488	2	0.278845	-0.249657	0.230541	0.278845	-0.249657	0.230541	0.307882	1.17271	0.00000	NA	0.00000	0.0552589	0.814153	0.00000	0.437440	0.429203	NA	NA	
dg386_dg18320389	2	0.430468	-0.179427	0.227586	0.430468	-0.179427	0.227586	0.465610	0.621560	0.00000	NA	0.00000	0.0441319	0.833608	0.00000	0.542167	0.587571	NA	NA	
lpc160_11	2	0.989693	-0.00290403	0.224798	0.989693	-0.00290403	0.224798	0.994664	0.000166885	0.00000	NA	0.00000	0.612822	0.433727	0.00000	0.528756	0.641945	NA	NA	
lpc170_14	2	0.573535	0.130459	0.231781	0.573535	0.130459	0.231781	0.609007	0.316804	0.00000	NA	0.00000	0.0652832	0.798332	0.00000	0.899974	0.545035	NA	NA	
lpc180_15	2	0.860779	0.0393950	0.224623	0.860779	0.0393950	0.224623	0.898737	0.0307590	0.00000	NA	0.00000	0.768565	0.380661	0.00000	0.417882	0.705257	NA	NA	
lpc181_13	2	0.995703	0.00122699	0.227833	0.995703	0.00122699	0.227833	0.997820	2.90031E-05	0.00000	NA	0.00000	0.939406	0.332431	0.00000	0.427850	0.577200	NA	NA	
lpc182_2	2	0.934578	0.0190815	0.232457	0.934578	0.0190815	0.232457	0.960101	0.00673810	0.00000	NA	0.00000	0.343085	0.558054	0.00000	0.607362	0.769600	NA	NA	
lpc203_9	2	0.368465	-0.208814	0.232183	0.368465	-0.208814	0.232183	0.401798	0.808835	0.00000	NA	0.00000	0.450436	0.502128	0.00000	0.286634	0.724837	NA	NA	
lpc204_5	2	0.354714	-0.207506	0.224213	0.354714	-0.207506	0.224213	0.387560	0.856523	0.00000	NA	0.00000	0.263487	0.607734	0.00000	0.344070	0.635406	NA	NA	
lpc225_10	2	0.116845	-0.354573	0.226108	0.116845	-0.354573	0.226108	0.132506	2.45911	0.00000	NA	0.00000	0.0216332	0.883067	0.00000	0.310620	0.228094	NA	NA	
lpc225_7	2	0.345618	-0.213925	0.226826	0.345618	-0.213925	0.226826	0.378056	0.889480	0.00000	NA	0.00000	0.500214	0.479406	0.00000	0.267537	0.688824	NA	NA	
lpc226_4	2	0.494215	-0.163182	0.238703	0.521889	-0.296760	0.463373	0.490655	0.467336	0.0907532	NA	68.4143	3.16599	0.0751869	0.298994	0.0619106	0.700572	NA	NA	
lpe160_24	2	0.714845	0.0812271	0.222323	0.684271	0.106067	0.260838	0.746050	0.133486	0.00000	NA	21.4036	1.27232	0.259331	0.0326861	0.251300	0.764499	NA	NA	
lpe181_25	2	0.483294	-0.162616	0.231972	0.796883	-0.0943983	0.366761	0.519134	0.491422	0.00000	NA	56.1001	2.27791	0.131229	0.154122	0.410181	0.148164	NA	NA	
lpe182_17	2	0.714051	0.0850453	0.232097	0.714051	0.0850453	0.232097	0.745312	0.134264	0.00000	NA	0.00000	0.909084	0.340358	0.00000	0.322977	0.796511	NA	NA	
lpe182_21	2	0.932810	0.0195951	0.232418	0.932810	0.0195951	0.232418	0.958828	0.00710813	0.00000	NA	0.00000	0.764405	0.381954	0.00000	0.454326	0.645457	NA	NA	
lpe204_20	2	0.974112	0.00731705	0.225479	0.974112	0.00731705	0.225479	0.985913	0.00105307	0.00000	NA	0.00000	0.0303314	0.861740	0.00000	0.870322	0.945144	NA	NA	
lpe224_27	2	0.632712	-0.109617	0.229366	0.632712	-0.109617	0.229366	0.666940	0.228401	0.00000	NA	0.00000	0.146294	0.702103	0.00000	0.970210	0.541211	NA	NA	
lpe225_23	2	0.573405	0.127198	0.225912	0.573405	0.127198	0.225912	0.608881	0.317018	0.00000	NA	0.00000	0.0313153	0.859539	0.00000	0.873759	0.569758	NA	NA	
lpe226_16	2	0.656823	-0.105256	0.236901	0.623933	-0.158056	0.322376	0.689787	0.197406	0.00000	NA	39.3589	1.64905	0.199089	0.0870179	0.187376	0.742062	NA	NA	
pc320_pc160160_21	2	0.397439	0.190775	0.225447	0.397439	0.190775	0.225447	0.431739	0.716062	0.00000	NA	0.00000	0.214899	0.642954	0.00000	0.393370	0.652741	NA	NA	
pc321_pc160161_11	2	0.554217	0.132712	0.224383	0.554217	0.132712	0.224383	0.590099	0.349817	0.00000	NA	0.00000	0.421168	0.516355	0.00000	0.832737	0.394058	NA	NA	
pc322_pc140182_24	2	0.831211	-0.0487840	0.228873	0.831211	-0.0487840	0.228873	0.869601	0.0454326	0.00000	NA	0.00000	0.0131551	0.908686	0.00000	0.989584	0.809015	NA	NA	
pc332_pc150182_7	2	0.413979	-0.182393	0.223271	0.413979	-0.182393	0.223271	0.448765	0.667345	0.00000	NA	0.00000	0.0210949	0.884521	0.00000	0.563611	0.551324	NA	NA	
pc340_pc160180_32	2	0.181363	0.313463	0.234528	0.637941	0.221597	0.470902	0.153484	1.78642	0.437974	NA	73.4551	3.76720	0.0522670	0.327390	0.463386	0.0251153	NA	NA	
pc341_pc160181_26	2	0.529190	0.141557	0.224964	0.529190	0.141557	0.224964	0.565037	0.395947	0.00000	NA	0.00000	0.192759	0.660630	0.00000	0.982357	0.443109	NA	NA	
pc342_pc160182_14	2	0.609885	0.115272	0.225918	0.609885	0.115272	0.225918	0.644854	0.260342	0.00000	NA	0.00000	0.0672267	0.795418	0.00000	0.939750	0.570494	NA	NA	
pc343_pc160183_8	2	0.985769	0.00397640	0.222933	0.985769	0.00397640	0.222933	0.992538	0.000318150	0.00000	NA	0.00000	0.0420941	0.837441	0.00000	0.855827	0.922757	NA	NA	
pc343_pc161182_1	2	0.880192	-0.0336244	0.223083	0.880192	-0.0336244	0.223083	0.916481	0.0227183	0.00000	NA	0.00000	0.000244661	0.987520	0.00000	0.945642	0.892350	NA	NA	
pc352_pc170182_23	2	0.505214	-0.150665	0.226119	0.505214	-0.150665	0.226119	0.541270	0.443967	0.00000	NA	0.00000	0.0222722	0.881365	0.00000	0.805320	0.524266	NA	NA	
pc361_pc180181_34	2	0.859830	-0.0394743	0.223535	0.859830	-0.0394743	0.223535	0.897840	0.0311844	0.00000	NA	0.00000	0.339639	0.560038	0.00000	0.561507	0.854300	NA	NA	
pc362_pc180182_29	2	0.516519	0.152268	0.234721	0.516519	0.152268	0.234721	0.552508	0.420838	0.00000	NA	0.00000	0.274569	0.600283	0.00000	0.424231	0.811560	NA	NA	
pc363_pc181182_18	2	0.663382	-0.100073	0.229920	0.663382	-0.100073	0.229920	0.696376	0.189442	0.00000	NA	0.00000	0.0902107	0.763909	0.00000	0.997420	0.596936	NA	NA	
pc364_10	2	0.305276	-0.234812	0.229044	0.305276	-0.234812	0.229044	0.335813	1.05100	0.00000	NA	0.00000	0.136936	0.711346	0.00000	0.384724	0.510821	NA	NA	
pc365_3	2	0.684419	-0.0947598	0.233145	0.660382	-0.136391	0.310412	0.717120	0.165194	0.00000	NA	39.0742	1.64134	0.200142	0.0785934	0.200095	0.684725	NA	NA	
pc372_pc182190_36	2	0.758474	-0.0680604	0.221346	0.758474	-0.0680604	0.221346	0.787642	0.0945468	0.00000	NA	0.00000	0.462235	0.496581	0.00000	0.696819	0.524529	NA	NA	
pc374_pc170204_22	2	0.843784	-0.0459397	0.233131	0.843784	-0.0459397	0.233131	0.882297	0.0388308	2.22045E-16	NA	0.00000	0.697316	0.403687	0.00000	0.422634	0.760186	NA	NA	
pc384_pc180204_28	2	0.562794	-0.132598	0.229132	0.562794	-0.132598	0.229132	0.598541	0.334890	1.38778E-17	NA	0.00000	0.121043	0.727906	0.00000	0.546023	0.762352	NA	NA	
pc384_pc180224_35	2	0.715011	-0.0832087	0.227885	0.715011	-0.0832087	0.227885	0.746205	0.133323	0.00000	NA	0.00000	0.117117	0.732183	0.00000	0.627423	0.902952	NA	NA	
pc385_16	2	0.718295	-0.0837429	0.232143	0.697202	-0.100124	0.257323	0.749249	0.130132	0.00000	NA	13.9704	1.16239	0.280970	0.0213443	0.269868	0.784047	NA	NA	
pc386_9	2	0.711383	-0.0899902	0.243217	0.664859	-0.151742	0.350269	0.742823	0.136900	0.00000	NA	46.2245	1.85958	0.172673	0.118195	0.181161	0.648015	NA	NA	
pc394_pc190204_33	2	0.966805	-0.0100723	0.242031	0.966805	-0.0100723	0.242031	0.981529	0.00173189	0.00000	NA	0.00000	0.244169	0.621211	0.00000	0.662697	0.813529	NA	NA	
pc396_pc170226_20	2	0.849510	-0.0435923	0.229743	0.849510	-0.0435923	0.229743	0.887929	0.0360027	0.00000	NA	0.00000	0.657568	0.417420	0.00000	0.440101	0.754788	NA	NA	
pc405_pc180225_30	2	0.799108	-0.0581025	0.228300	0.799108	-0.0581025	0.228300	0.835182	0.0647709	0.00000	NA	0.00000	0.267613	0.604937	0.00000	0.566983	0.945771	NA	NA	
pc406_pc180226_27	2	0.875919	0.0367154	0.235137	0.875919	0.0367154	0.235137	0.912672	0.0243811	0.00000	NA	0.00000	0.964873	0.325962	0.00000	0.478645	0.485132	NA	NA	
pc407_pc181226_15	2	0.893199	-0.0314788	0.234466	0.893199	-0.0314788	0.234466	0.927741	0.0180250	0.00000	NA	0.00000	0.201814	0.653261	0.00000	0.772440	0.712078	NA	NA	
pc408_pc182226_6	2	0.236009	-0.276882	0.233651	0.236009	-0.276882	0.233651	0.262218	1.40428	0.00000	NA	0.00000	0.279503	0.597027	0.00000	0.261693	0.514947	NA	NA	
pc4210_pc204226_2	2	0.692618	0.0877600	0.222006	0.778179	0.0700793	0.248779	0.725041	0.156266	0.00000	NA	15.1261	1.17822	0.277719	0.0217009	0.477669	0.362185	NA	NA	
pe341_pe160181_42	2	0.688250	-0.0936166	0.233323	0.969551	0.0154644	0.405136	0.720833	0.160986	0.00000	NA	60.0991	2.50621	0.113399	0.203592	0.257778	0.238989	NA	NA	
pe342_pe160182_38	2	0.699250	-0.0897687	0.232361	0.983276	-0.00766539	0.365671	0.731382	0.149253	0.00000	NA	53.0728	2.13096	0.144350	0.147527	0.308251	0.265074	NA	NA	
pe361_pe180181_47	2	0.176847	-0.308344	0.228314	0.352230	-0.272007	0.292395	0.198357	1.82392	0.00000	NA	34.0693	1.51674	0.218113	0.0616244	0.805355	0.0701313	NA	NA	
pe363_pe181182_40	2	0.360439	-0.222520	0.243316	0.922797	-0.0534727	0.551771	0.247187	0.836362	0.655029	NA	77.1359	4.37367	0.0364984	0.473556	0.213428	0.0556666	NA	NA	
pe364_pe160204_39	2	0.699587	-0.0883521	0.228964	0.699587	-0.0883521	0.228964	0.731703	0.148901	0.00000	NA	0.00000	0.482086	0.487479	0.00000	0.703386	0.485711	NA	NA	
pe384_pe180204_45	2	0.168127	-0.315674	0.229040	0.168127	-0.315674	0.229040	0.188849	1.89957	0.00000	NA	0.00000	0.802278	0.370413	0.00000	0.990861	0.100240	NA	NA	
pe385_pe180205_41	2	0.611321	-0.117232	0.230687	0.984553	-0.00789665	0.407867	0.646260	0.258255	0.00000	NA	61.9031	2.62488	0.105200	0.211564	0.272771	0.194874	NA	NA	
pe386_pe160226_37	2	0.537293	-0.141315	0.229069	0.537293	-0.141315	0.229069	0.573220	0.380581	0.00000	NA	0.00000	0.0223078	0.881271	0.00000	0.831540	0.549822	NA	NA	
pe405_pe180225_46	2	0.495910	-0.154989	0.227611	0.495910	-0.154989	0.227611	0.531930	0.463677	0.00000	NA	0.00000	0.511375	0.474544	0.00000	0.808899	0.338379	NA	NA	
pe406_pe180226_43	2	0.453893	-0.171240	0.228643	0.453893	-0.171240	0.228643	0.489498	0.560911	0.00000	NA	0.00000	0.0153082	0.901532	0.00000	0.609131	0.574763	NA	NA	
pg363_pg181182_48	2	0.179354	-0.307207	0.228791	0.179354	-0.307207	0.228791	0.201078	1.80297	0.00000	NA	0.00000	0.652748	0.419132	0.00000	0.155571	0.507629	NA	NA	
pg364_pg182182_44	2	0.118978	-0.379488	0.243405	0.118978	-0.379488	0.243405	0.134865	2.43073	0.00000	NA	0.00000	0.367951	0.544123	0.00000	0.686078	0.104511	NA	NA	
pg364_pg182182_47	2	0.512571	-0.163630	0.249878	0.512571	-0.163630	0.249878	0.548597	0.428816	0.00000	NA	0.00000	0.693268	0.405055	0.00000	0.762239	0.310029	NA	NA	
pg386_pg182204_43	2	0.217494	0.298374	0.241948	0.228627	0.296125	0.245971	0.242345	1.52083	0.00000	NA	2.63422	1.02705	0.310851	0.00355175	0.911031	0.111319	NA	NA	
pg408_pg182226_42	2	0.993772	-0.00178545	0.228754	0.883507	0.0436267	0.297744	0.996820	6.09199E-05	0.00000	NA	33.1429	1.49573	0.221330	0.0643258	0.301341	0.513200	NA	NA	
pg4210_pg204226_41	2	0.280490	-0.247613	0.229437	0.280490	-0.247613	0.229437	0.309629	1.16471	0.00000	NA	0.00000	0.0380645	0.845314	0.00000	0.658367	0.315559	NA	NA	
pg4412_pg226226_40	2	0.0659952	-0.440475	0.239590	0.0659952	-0.440475	0.239590	0.0757293	3.37992	0.00000	NA	0.00000	0.00517466	0.942654	0.00000	0.308719	0.125368	NA	NA	
pi342_pi160182_62	2	0.414144	0.188923	0.231347	0.414144	0.188923	0.231347	0.448935	0.666872	0.00000	NA	0.00000	0.0287049	0.865462	0.00000	0.543070	0.568204	NA	NA	
pi343_pi161182_60	2	0.427674	0.182913	0.230608	0.427674	0.182913	0.230608	0.462773	0.629132	0.00000	NA	0.00000	0.873476	0.349995	0.00000	0.222805	0.898111	NA	NA	
pi362_pi180182_71	2	0.341905	-0.215143	0.226369	0.341905	-0.215143	0.226369	0.374170	0.903275	0.00000	NA	0.00000	0.551419	0.457739	0.00000	0.943171	0.228590	NA	NA	
pi363_pi180183_68	2	0.862423	-0.0402840	0.232464	0.948729	0.0223515	0.347596	0.900282	0.0300298	0.00000	NA	50.5197	2.02100	0.155136	0.125881	0.284696	0.341044	NA	NA	
pi363_pi181182_64	2	0.423241	-0.180805	0.225778	0.869658	-0.0717891	0.437490	0.393462	0.641299	0.195216	NA	69.8850	3.32061	0.0684164	0.270601	0.296160	0.0902166	NA	NA	
pi364_pi160204_63	2	0.180024	-0.295459	0.220380	0.180024	-0.295459	0.220380	0.201806	1.79742	0.00000	NA	0.00000	0.190531	0.662475	0.00000	0.270301	0.379373	NA	NA	
pi365_pi160205_58	2	0.450580	-0.178176	0.236167	0.524267	-0.165080	0.259240	0.486121	0.569192	0.00000	NA	14.1245	1.16448	0.280539	0.0207759	0.651889	0.216091	NA	NA	
pi383_pi180203_74	2	0.729731	0.0770627	0.223058	0.729731	0.0770627	0.223058	0.759733	0.119359	0.00000	NA	0.00000	0.0109856	0.916525	0.00000	0.773435	0.827531	NA	NA	
pi384_pi180204_72	2	0.241158	-0.281632	0.240281	0.241158	-0.281632	0.240281	0.267742	1.37381	0.00000	NA	0.00000	0.0872353	0.767722	0.00000	0.385988	0.399607	NA	NA	
pi385_pi181204_65	2	0.202123	-0.298376	0.233924	0.731413	-0.170988	0.498149	0.160384	1.62697	0.527903	NA	75.2689	4.04349	0.0443420	0.376200	0.362022	0.0278135	NA	NA	
pi406pi18226_70	2	0.111755	-0.374361	0.235395	0.111755	-0.374361	0.235395	0.126865	2.52923	0.00000	NA	0.00000	0.171419	0.678854	0.00000	0.207963	0.290976	NA	NA	
ps384_ps180204_56	2	0.890045	-0.0334689	0.242094	0.905072	-0.0297303	0.249298	0.925058	0.0191123	0.00000	NA	4.83064	1.05076	0.305332	0.00652855	0.457004	0.472275	NA	NA	
ps386_ps160226_51	2	0.634155	-0.105975	0.222688	0.634155	-0.105975	0.222688	0.668315	0.226469	0.00000	NA	0.00000	0.611096	0.434376	0.00000	0.360301	0.978591	NA	NA	
ps386_ps180226_55	2	0.839788	-0.0462734	0.228889	0.839788	-0.0462734	0.228889	0.878310	0.0408707	0.00000	NA	0.00000	0.000263010	0.987061	0.00000	0.920874	0.859647	NA	NA	
smd180181_	2	0.916010	-0.0241616	0.229104	0.916010	-0.0241616	0.229104	0.946241	0.0111220	0.00000	NA	0.00000	0.718793	0.396540	0.00000	0.438624	0.718395	NA	NA	
smd181160_77	2	0.954557	-0.0129496	0.227243	0.954557	-0.0129496	0.227243	0.973783	0.00324738	0.00000	NA	0.00000	0.753967	0.385223	0.00000	0.448726	0.668512	NA	NA	
smd181220_	2	0.617687	-0.117693	0.235795	0.617687	-0.117693	0.235795	0.652469	0.249131	0.00000	NA	0.00000	0.0803896	0.776770	0.00000	0.604483	0.804557	NA	NA	
smd181241_	2	0.660842	0.0969497	0.220967	0.974416	0.0120964	0.377176	0.693832	0.192502	0.00000	NA	61.2317	2.57942	0.108261	0.177753	0.280704	0.204738	NA	NA	
smd181250_	2	0.574587	-0.132600	0.236234	0.574587	-0.132600	0.236234	0.610025	0.315068	0.00000	NA	0.00000	0.868271	0.351434	0.00000	0.277352	0.954055	NA	NA	
smd182160_76	2	0.113832	-0.361356	0.228533	0.113832	-0.361356	0.228533	0.129165	2.50019	0.00000	NA	0.00000	0.0848287	0.770857	0.00000	0.263589	0.247880	NA	NA	
tg434tg170_182_182_47	2	0.433523	-0.179665	0.229405	0.565297	-0.155467	0.270381	0.468705	0.613366	0.00000	NA	23.3756	1.30507	0.253290	0.0371193	0.614173	0.197025	NA	NA	
tg462tg120_160_181_8	2	0.699243	-0.0900286	0.233027	0.926078	-0.0321519	0.346539	0.731375	0.149261	0.00000	NA	50.7401	2.03005	0.154216	0.125070	0.349684	0.253355	NA	NA	
tg480tg160_160_160_63	2	0.623936	-0.113625	0.231755	0.623936	-0.113625	0.231755	0.658519	0.240375	0.00000	NA	0.00000	0.831016	0.361979	0.00000	0.641076	0.355408	NA	NA	
tg482tg140_160_182_33	2	0.771127	-0.0665149	0.228652	0.771127	-0.0665149	0.228652	0.802909	0.0846231	0.00000	NA	0.00000	0.951779	0.329267	0.00000	0.520638	0.429649	NA	NA	
tg483tg141_160_182_14	2	0.904188	-0.0275912	0.229215	0.986816	0.00473986	0.286844	0.936853	0.0144896	0.00000	NA	31.4873	1.45958	0.226997	0.0549319	0.356020	0.430235	NA	NA	
tg5001st_77	2	0.672355	-0.0971338	0.229675	0.672355	-0.0971338	0.229675	0.705297	0.178860	0.00000	NA	0.00000	0.340339	0.559633	0.00000	0.802913	0.499072	NA	NA	
tg500tg160_160_180_77	2	0.554049	-0.137754	0.232809	0.554049	-0.137754	0.232809	0.589933	0.350113	0.00000	NA	0.00000	0.550928	0.457939	0.00000	0.794366	0.361376	NA	NA	
tg501tg160_160_181_67	2	0.755928	-0.0715444	0.230170	0.755928	-0.0715444	0.230170	0.784520	0.0966167	0.00000	NA	0.00000	0.322750	0.569960	0.00000	0.762883	0.566635	NA	NA	
tg502tg160_160_182_50	2	0.648930	-0.103243	0.226783	0.648930	-0.103243	0.226783	0.682266	0.207251	0.00000	NA	0.00000	0.103465	0.747711	0.00000	0.982776	0.577527	NA	NA	
tg502tg160_161_181_49	2	0.648930	-0.103243	0.226783	0.648930	-0.103243	0.226783	0.682266	0.207251	0.00000	NA	0.00000	0.103465	0.747711	0.00000	0.982776	0.577527	NA	NA	
tg503tg160_161_182_36	2	0.559041	-0.131066	0.224326	0.559041	-0.131066	0.224326	0.594856	0.341368	0.00000	NA	0.00000	0.605887	0.436341	0.00000	0.745692	0.358806	NA	NA	
tg504tg160_161_183_22	2	0.894989	0.0301468	0.228396	0.894989	0.0301468	0.228396	0.929251	0.0174223	0.00000	NA	0.00000	0.112772	0.737010	0.00000	0.723391	0.944038	NA	NA	
tg504tg161_161_182_21	2	0.964817	0.0100012	0.226731	0.964817	0.0100012	0.226731	0.980305	0.00194571	0.00000	NA	0.00000	0.205112	0.650626	0.00000	0.685645	0.835318	NA	NA	
tg512tg160_170_182_62	2	0.974077	-0.00731288	0.225047	0.974077	-0.00731288	0.225047	0.985893	0.00105592	0.00000	NA	0.00000	0.354420	0.551622	0.00000	0.635608	0.717455	NA	NA	
tg512tg160_171_181_61	2	0.999264	0.000206459	0.223879	0.999264	0.000206459	0.223879	0.999631	8.50432E-07	0.00000	NA	0.00000	0.802775	0.370265	0.00000	0.454828	0.621200	NA	NA	
tg513tg160_171_182_45	2	0.536546	-0.137733	0.222853	0.714538	-0.103106	0.281888	0.572469	0.381979	0.00000	NA	32.1560	1.47397	0.224720	0.0545355	0.510657	0.232873	NA	NA	
tg5201st_84	2	0.664817	-0.0963151	0.222297	0.664817	-0.0963151	0.222297	0.697810	0.187725	0.00000	NA	0.00000	0.892647	0.344761	0.00000	0.581585	0.378155	NA	NA	
tg5203rd_84	2	0.573879	-0.133332	0.237098	0.573879	-0.133332	0.237098	0.609340	0.316235	0.00000	NA	0.00000	0.570289	0.450144	0.00000	0.777096	0.369194	NA	NA	
tg520tg160_180_180_84	2	0.662787	-0.100359	0.230144	0.662787	-0.100359	0.230144	0.695781	0.190156	0.00000	NA	0.00000	0.601437	0.438030	0.00000	0.703660	0.421223	NA	NA	
tg5211st_78	2	0.754494	-0.0695160	0.222296	0.805360	-0.0588810	0.238949	0.782756	0.0977929	0.00000	NA	10.1077	1.11244	0.291552	0.0133507	0.474314	0.403346	NA	NA	
tg521tg160_180_181_78	2	0.619768	-0.113892	0.229539	0.619768	-0.113892	0.229539	0.654488	0.246194	0.00000	NA	0.00000	0.562792	0.453138	0.00000	0.741757	0.402650	NA	NA	
tg523tg160_181_182_54	2	0.344810	-0.210121	0.222420	0.377473	-0.204378	0.231573	0.377208	0.892466	0.00000	NA	5.81410	1.06173	0.302821	0.00724233	0.732673	0.175241	NA	NA	
tg524tg160_182_182_41	2	0.371042	-0.200113	0.223708	0.371042	-0.200113	0.223708	0.404448	0.800173	0.00000	NA	0.00000	0.722424	0.395350	0.00000	0.843203	0.223232	NA	NA	
tg525tg160_181_181_71	2	0.707070	-0.0844811	0.224807	0.707070	-0.0844811	0.224807	0.738780	0.141221	0.00000	NA	0.00000	0.695232	0.404390	0.00000	0.618784	0.442855	NA	NA	
tg525tg160_182_183_30	2	0.279806	-0.244586	0.226310	0.479428	-0.205581	0.290688	0.308902	1.16803	0.00000	NA	33.4109	1.50175	0.220403	0.0605020	0.672281	0.114511	NA	NA	
tg525tg161_182_182_26	2	0.360910	-0.207370	0.226974	0.507119	-0.180188	0.271641	0.393996	0.834723	0.00000	NA	24.8926	1.33143	0.248552	0.0400849	0.650217	0.161457	NA	NA	
tg526_17	2	0.649056	-0.103686	0.227844	0.918044	-0.0356626	0.346582	0.682384	0.207092	0.00000	NA	51.3593	2.05589	0.151619	0.127648	0.349822	0.238595	NA	NA	
tg526tg161_182_183_18	2	0.555470	-0.134583	0.228268	0.794040	-0.0823726	0.315521	0.591337	0.347609	0.00000	NA	41.5592	1.71113	0.190838	0.0872277	0.445185	0.224423	NA	NA	
tg526tg182_182_183_16	2	0.516507	-0.144850	0.223279	0.516507	-0.144850	0.223279	0.552496	0.420863	0.00000	NA	0.00000	0.964550	0.326043	0.00000	0.664446	0.273873	NA	NA	
tg5312nd_83	2	0.683100	-0.0953325	0.233523	0.683100	-0.0953325	0.233523	0.715837	0.166657	2.22045E-16	NA	0.00000	0.825728	0.363511	0.00000	0.605975	0.394083	NA	NA	
tg531tg170_180_181_83	2	0.615993	-0.115413	0.230119	0.751568	-0.0872397	0.275575	0.650822	0.251539	0.00000	NA	24.6759	1.32760	0.249233	0.0411287	0.492255	0.292617	NA	NA	
tg5321st_76	2	0.467618	-0.163512	0.225111	0.561799	-0.146564	0.252622	0.503379	0.527599	0.00000	NA	16.3732	1.19579	0.274165	0.0233517	0.610809	0.226233	NA	NA	
tg532tg160_181_191_76	2	0.553115	-0.136000	0.229305	0.675320	-0.112182	0.267828	0.589009	0.351766	0.00000	NA	21.5655	1.27495	0.258840	0.0341753	0.538414	0.263891	NA	NA	
tg533tg160_182_191_65	2	0.482451	-0.160706	0.228807	0.771255	-0.0979930	0.337055	0.518275	0.493317	0.00000	NA	48.2941	1.93402	0.164320	0.114084	0.445731	0.174267	NA	NA	
tg533tg170_181_182_66	2	0.526525	-0.143736	0.226957	0.596870	-0.131129	0.247923	0.562353	0.401093	0.00000	NA	12.9460	1.14871	0.283819	0.0177757	0.594296	0.260496	NA	NA	
tg542tg160_181_201_80	2	0.380889	-0.201093	0.229490	0.380889	-0.201093	0.229490	0.414697	0.767832	0.00000	NA	0.00000	0.682111	0.408861	0.00000	0.859687	0.233618	NA	NA	
tg543tg180_181_182_73	2	0.413964	-0.183518	0.224641	0.413964	-0.183518	0.224641	0.448750	0.667387	0.00000	NA	0.00000	0.970759	0.324491	0.00000	0.725743	0.218364	NA	NA	
tg543tg181_181_181_74	2	0.400248	-0.190127	0.226024	0.409748	-0.188546	0.228724	0.434608	0.707583	0.00000	NA	1.84149	1.01876	0.312813	0.00218846	0.725384	0.205486	NA	NA	
tg544tg180_182_182_58	2	0.417782	-0.184147	0.227264	0.585514	-0.153629	0.281709	0.452671	0.656546	0.00000	NA	30.3485	1.43572	0.230833	0.0511465	0.603119	0.177082	NA	NA	
tg544tg181_181_182_57	2	0.305128	-0.230280	0.224554	0.367017	-0.219486	0.243312	0.335657	1.05165	0.00000	NA	12.1524	1.13834	0.286004	0.0158684	0.771740	0.146739	NA	NA	
tg545tg160_181_204_52	2	0.333371	-0.218414	0.225787	0.528771	-0.182223	0.289296	0.365294	0.935759	0.00000	NA	34.0584	1.51649	0.218151	0.0603530	0.641312	0.134897	NA	NA	
tg545tg181_182_182_44	2	0.320896	-0.223752	0.225416	0.498098	-0.191384	0.282492	0.352211	0.985291	0.00000	NA	31.5211	1.46030	0.226882	0.0534261	0.667814	0.132632	NA	NA	
tg546tg160_182_204_40	2	0.251691	-0.263657	0.230017	0.251691	-0.263657	0.230017	0.278991	1.31389	0.00000	NA	0.00000	0.108477	0.741885	0.00000	0.375621	0.424660	NA	NA	
tg546tg182_182_182_32	2	0.364058	-0.205469	0.226372	0.415835	-0.196605	0.241628	0.397252	0.823848	0.00000	NA	9.90020	1.10988	0.292108	0.0128489	0.726966	0.178291	NA	NA	
tg547tg160_182_205_27	2	0.376495	-0.198713	0.224694	0.376495	-0.198713	0.224694	0.410134	0.782116	0.00000	NA	0.00000	0.701211	0.402377	0.00000	0.853765	0.228632	NA	NA	
tg548_6	2	0.491536	-0.159831	0.232357	0.491536	-0.159831	0.232357	0.527511	0.473162	0.00000	NA	0.00000	0.322940	0.569846	0.00000	0.387986	0.821578	NA	NA	
tg548tg140_182_226_10	2	0.465244	-0.170429	0.233387	0.465244	-0.170429	0.233387	0.500989	0.533250	0.00000	NA	0.00000	0.0346076	0.852420	0.00000	0.568554	0.622227	NA	NA	
tg552tg181_181_190_79	2	0.494506	-0.161830	0.236885	0.494506	-0.161830	0.236885	0.530514	0.466707	0.00000	NA	0.00000	0.883650	0.347204	0.00000	0.696626	0.273652	NA	NA	
tg5583rd_25	2	0.667564	-0.0999799	0.232786	0.755701	-0.0823083	0.264545	0.700548	0.184464	0.00000	NA	19.1662	1.23711	0.266029	0.0289559	0.508415	0.321153	NA	NA	
tg558tg150_182_226_25	2	0.757293	-0.0739707	0.239359	0.889677	0.0746559	0.538205	0.397779	0.0955039	0.726593	NA	77.5109	4.44659	0.0349710	0.451926	0.118693	0.146568	NA	NA	
tg561tg160_180_201_85	2	0.436087	-0.178711	0.229465	0.467766	-0.173277	0.238635	0.471296	0.606558	0.00000	NA	5.94568	1.06322	0.302483	0.00765048	0.681847	0.220407	NA	NA	
tg562tg180_181_201_86	2	0.182199	-0.314611	0.235837	0.182199	-0.314611	0.235837	0.204175	1.77960	0.00000	NA	0.00000	0.178471	0.672690	0.00000	0.662104	0.183742	NA	NA	
tg563tg180_182_201_82	2	0.188096	-0.307879	0.233909	0.188096	-0.307879	0.233909	0.210580	1.73247	0.00000	NA	0.00000	0.791808	0.373554	0.00000	0.968130	0.112220	NA	NA	
tg5641st_75	2	0.170433	-0.316899	0.231176	0.400184	-0.265758	0.315892	0.191371	1.87913	0.00000	NA	40.2198	1.67279	0.195885	0.0849168	0.747042	0.0633326	NA	NA	
tg564tg181_182_201_75	2	0.214020	-0.284167	0.228690	0.214020	-0.284167	0.228690	0.238609	1.54402	0.00000	NA	0.00000	0.297611	0.585384	0.00000	0.808296	0.181810	NA	NA	
tg565tg160_181_224_68	2	0.270864	-0.250343	0.227363	0.270864	-0.250343	0.227363	0.299403	1.21237	0.00000	NA	0.00000	0.658292	0.417164	0.00000	0.929580	0.172296	NA	NA	
tg565tg180_181_204_72	2	0.0921141	-0.387168	0.229862	0.0921141	-0.387168	0.229862	0.105016	2.83703	3.46945E-18	NA	0.00000	0.0241212	0.876577	0.00000	0.311967	0.175089	NA	NA	
tg565tg182_182_201_64	2	0.167281	-0.312741	0.226461	0.167281	-0.312741	0.226461	0.187929	1.90714	0.00000	NA	0.00000	0.168051	0.681850	0.00000	0.651264	0.171374	NA	NA	
tg566tg160_181_225_53	2	0.619679	-0.115038	0.231789	0.619679	-0.115038	0.231789	0.654403	0.246319	1.11022E-16	NA	0.00000	0.838302	0.359883	0.00000	0.635739	0.353665	NA	NA	
tg566tg180_182_204_59	2	0.0782563	-0.397378	0.225668	0.0782563	-0.397378	0.225668	0.0895114	3.10075	0.00000	NA	0.00000	0.0590184	0.808054	0.00000	0.240177	0.182123	NA	NA	
tg566tg181_181_204_60	2	0.207067	-0.291245	0.230840	0.207067	-0.291245	0.230840	0.231101	1.59182	0.00000	NA	0.00000	0.0725219	0.787700	0.00000	0.381073	0.343561	NA	NA	
tg567tg160_181_226_46	2	0.407595	-0.193705	0.233905	0.407595	-0.193705	0.233905	0.442179	0.685805	1.11022E-16	NA	0.00000	0.859850	0.353781	0.00000	0.220349	0.834676	NA	NA	
tg567tg160_182_225_42	2	0.225254	-0.276821	0.228273	0.225254	-0.276821	0.228273	0.250693	1.47058	0.00000	NA	0.00000	0.0873739	0.767543	0.00000	0.360792	0.395221	NA	NA	
tg5682nd_28	2	0.325644	-0.225218	0.229130	0.376304	-0.260747	0.294721	0.357205	0.966144	0.00000	NA	35.1338	1.54164	0.214374	0.0640583	0.113832	0.930637	NA	NA	
tg568tg160_182_226_34	2	0.290316	-0.243995	0.230744	0.290316	-0.243995	0.230744	0.320015	1.11816	0.00000	NA	0.00000	0.679039	0.409918	0.00000	0.202369	0.678340	NA	NA	
tg568tg181_182_205_28	2	0.294697	-0.243470	0.232347	0.294697	-0.243470	0.232347	0.324625	1.09804	8.67362E-19	NA	0.00000	0.00586260	0.938968	0.00000	0.513655	0.410523	NA	NA	
tg569tg160_183_226_13	2	0.436773	-0.180357	0.231925	0.436773	-0.180357	0.231925	0.471988	0.604746	0.00000	NA	0.00000	0.169640	0.680432	0.00000	0.432413	0.690957	NA	NA	
tg569tg161_182_226_12	2	0.439765	-0.178646	0.231229	0.439765	-0.178646	0.231229	0.475031	0.596896	0.00000	NA	0.00000	0.182844	0.668940	0.00000	0.427026	0.699645	NA	NA	
tg569tg182_182_205_11	2	0.576811	-0.128788	0.230783	0.576811	-0.128788	0.230783	0.612175	0.311419	0.00000	NA	0.00000	0.587365	0.443440	0.00000	0.343115	0.995875	NA	NA	
tg5810tg160_204_226_24	2	0.302652	-0.245115	0.237799	0.489162	-0.428405	0.619403	0.113862	1.06247	1.64223	NA	83.1947	5.95050	0.0147131	0.640651	0.00950798	0.591412	NA	NA	
tg5810tg182_182_226_23	2	0.323429	-0.227383	0.230276	0.323429	-0.227383	0.230276	0.354878	0.975030	0.00000	NA	0.00000	0.284438	0.593807	0.00000	0.312189	0.625599	NA	NA	
tg5811tg160_205_226_19	2	0.580204	-0.122567	0.221606	0.580204	-0.122567	0.221606	0.615445	0.305904	0.00000	NA	0.00000	0.00130726	0.971158	0.00000	0.775555	0.634565	NA	NA	
tg5811tg182_203_204_9	2	0.258709	-0.265572	0.235134	0.419286	-0.387938	0.480324	0.224570	1.27565	0.359344	NA	72.9843	3.70156	0.0543618	0.339760	0.0261256	0.863574	NA	NA	
tg5811tg183_204_204_7	2	0.495288	-0.162863	0.238829	0.555122	-0.311318	0.527566	0.328575	0.465018	0.616215	NA	76.5028	4.25582	0.0391161	0.429035	0.0367076	0.550225	NA	NA	
tg5812tg182_205_205_1	2	0.741617	-0.0759276	0.230284	0.686047	-0.170731	0.422366	0.677540	0.108711	0.104974	NA	66.9671	3.02728	0.0818751	0.241858	0.107198	0.462041	NA	NA	
tg587tg180_181_226_69	2	0.556311	-0.133247	0.226483	0.556311	-0.133247	0.226483	0.592167	0.346132	0.00000	NA	0.00000	0.112082	0.737786	0.00000	0.973576	0.498974	NA	NA	
tg587tg181_181_225_70	2	0.236270	-0.265041	0.223783	0.236270	-0.265041	0.223783	0.262495	1.40271	0.00000	NA	0.00000	0.108140	0.742272	0.00000	0.710529	0.241279	NA	NA	
tg587tg181_182_224_56	2	0.0647482	-0.415648	0.225041	0.0647482	-0.415648	0.225041	0.0743236	3.41138	0.00000	NA	0.00000	0.0538737	0.816455	0.00000	0.389652	0.0987740	NA	NA	
tg5881st_43	2	0.283798	-0.242937	0.226657	0.283798	-0.242937	0.226657	0.313134	1.14881	0.00000	NA	0.00000	0.589629	0.442563	0.00000	0.217477	0.640952	NA	NA	
tg588tg180_204_204_55	2	0.250348	-0.270391	0.235224	0.346223	-0.407028	0.432116	0.277562	1.32136	0.00000	NA	61.8465	2.62099	0.105459	0.239753	0.0480862	0.850799	NA	NA	
tg588tg181_181_226_48	2	0.420883	-0.185246	0.230151	0.420883	-0.185246	0.230151	0.455847	0.647848	0.00000	NA	0.00000	0.902731	0.342051	0.00000	0.215773	0.892356	NA	NA	
tg588tg181_203_204_43	2	0.292040	-0.242440	0.230094	0.292040	-0.242440	0.230094	0.321829	1.11019	0.00000	NA	0.00000	0.278025	0.597998	0.00000	0.299429	0.576772	NA	NA	
tg5892nd_39	2	0.323592	-0.223264	0.226181	0.323592	-0.223264	0.226181	0.355049	0.974372	0.00000	NA	0.00000	0.0638493	0.800512	0.00000	0.711773	0.342324	NA	NA	
tg589tg181_182_226_38	2	0.376251	-0.204732	0.231381	0.376251	-0.204732	0.231381	0.409880	0.782915	0.00000	NA	0.00000	0.491875	0.483092	0.00000	0.277476	0.757443	NA	NA	
tg589tg182_182_225_39	2	0.192696	-0.300876	0.230973	0.192696	-0.300876	0.230973	0.215557	1.69689	0.00000	NA	0.00000	0.348372	0.555036	0.00000	0.217548	0.468806	NA	NA	
tg6011tg181_204_226_35	2	0.221585	-0.301645	0.246780	0.383707	-0.518113	0.594789	0.154316	1.49408	0.721726	NA	78.3260	4.61381	0.0317154	0.559815	0.0134938	0.945346	NA	NA	
tg6012tg160_226_226_29	2	0.322547	0.244334	0.246992	0.981853	0.0165996	0.729799	0.0593191	0.978592	2.81413	NA	86.8830	7.62371	0.00576060	0.927545	0.0862181	0.0173690	NA	NA	
tg6214tg182_226_226_15	2	0.264947	-0.271065	0.243157	0.483175	-0.436380	0.622328	0.102490	1.24272	1.63430	NA	83.0492	5.89944	0.0151457	0.645177	0.00871379	0.609024	NA	NA	
X_pc321_2nd	2	0.751714	0.0736518	0.232795	0.989288	0.00455780	0.339471	0.779360	0.100097	0.00000	NA	45.1981	1.82476	0.176748	0.110517	0.328433	0.324734	NA	NA	
X_pc321_pc160_161	2	0.554217	0.132712	0.224383	0.554217	0.132712	0.224383	0.590099	0.349817	0.00000	NA	0.00000	0.421168	0.516355	0.00000	0.832737	0.394058	NA	NA	
X_pc322_1st	2	0.524873	-0.141859	0.223100	0.524873	-0.141859	0.223100	0.560734	0.404307	0.00000	NA	0.00000	0.0135122	0.907461	0.00000	0.792774	0.554791	NA	NA	
X_pc322_pc140_182	2	0.815313	-0.0536911	0.229864	0.815313	-0.0536911	0.229864	0.852911	0.0545585	0.00000	NA	0.00000	0.0209562	0.884898	0.00000	0.998630	0.783474	NA	NA	
X_pc332_2nd	2	0.436756	0.176979	0.227572	0.436756	0.176979	0.227572	0.471971	0.604791	0.00000	NA	0.00000	0.0480835	0.826432	0.00000	0.813940	0.439539	NA	NA	
X_pc332_3rd	2	0.574889	0.125645	0.224020	0.989697	0.00569100	0.440719	0.518015	0.314570	0.179319	NA	70.0456	3.33841	0.0676801	0.275791	0.226188	0.139062	NA	NA	
X_pc332_pc150_182	2	0.414148	-0.182328	0.223273	0.414148	-0.182328	0.223273	0.448939	0.666860	0.00000	NA	0.00000	0.0180229	0.893206	0.00000	0.570084	0.547209	NA	NA	
X_pc361_1st	2	0.689797	0.0918041	0.230010	0.689797	0.0918041	0.230010	0.722327	0.159305	2.22045E-16	NA	0.00000	0.915772	0.338587	0.00000	0.308815	0.842774	NA	NA	
X_pc361_3rd	2	0.582852	-0.126281	0.229926	0.582852	-0.126281	0.229926	0.617988	0.301647	0.00000	NA	0.00000	0.133256	0.715079	0.00000	0.539989	0.807537	NA	NA	
X_pc361_pc180_181	2	0.854901	-0.0408816	0.223558	0.854901	-0.0408816	0.223558	0.893145	0.0334409	0.00000	NA	0.00000	0.340579	0.559495	0.00000	0.558705	0.857877	NA	NA	
X_pc374_1st	2	0.437741	-0.178865	0.230492	0.437741	-0.178865	0.230492	0.472965	0.602196	0.00000	NA	0.00000	0.309651	0.577894	0.00000	0.368454	0.748287	NA	NA	
X_pc374_pc170_204	2	0.651493	-0.105626	0.233847	0.651493	-0.105626	0.233847	0.684660	0.204023	0.00000	NA	0.00000	0.927637	0.335478	0.00000	0.293192	0.870077	NA	NA	
X_pc384_1st	2	0.695668	-0.0891603	0.227929	0.695668	-0.0891603	0.227929	0.727965	0.153018	0.00000	NA	0.00000	0.0231417	0.879089	0.00000	0.925037	0.682516	NA	NA	
X_pc384_pc180_224	2	0.666897	-0.0980585	0.227826	0.666897	-0.0980585	0.227826	0.699884	0.185253	0.00000	NA	0.00000	0.0813609	0.775462	0.00000	0.636327	0.835657	NA	NA	
X_pe341_1st	2	0.913215	-0.0256780	0.235611	0.916131	0.0348511	0.330944	0.944060	0.0118776	0.00000	NA	42.0239	1.72485	0.189070	0.0979132	0.294259	0.424911	NA	NA	
X_pe341_pe160_181	2	0.688277	-0.0936057	0.233317	0.969531	0.0154741	0.405120	0.720859	0.160957	0.00000	NA	60.0968	2.50607	0.113409	0.203569	0.257778	0.239018	NA	NA	
X_ps364_ps160_204	2	0.529097	-0.145073	0.230500	0.802497	-0.0833442	0.333221	0.564943	0.396125	0.00000	NA	45.9246	1.84927	0.173868	0.106839	0.430144	0.202679	NA	NA	
